2066
34 40
31 40
35 55
31 43
41 36
27 51
33 38
30 55
26 45
31 52
37 36
28 35
28 54
39 54
30 53
33 49
26 56
25 58
42 51
25 56
32 38
35 41
28 52
40 51
30 57
28 45
33 57
40 57
25 44
31 52
32 46
30 58
30 52
41 47
38 51
25 37
30 36
32 43
37 40
42 45
32 48
32 52
33 50
25 39
31 47
37 37
38 49
31 42
39 45
42 37
28 49
40 54
39 40
39 37
42 38
36 52
37 45
33 35
34 51
42 38
38 38
27 48
26 41
39 41
29 53
30 35
39 41
34 49
38 53
34 42
34 50
38 54
42 43
31 49
29 43
32 45
42 54
28 57
26 42
39 48
35 51
35 56
35 47
29 50
26 53
35 50
25 49
36 42
25 41
30 53
41 56
36 48
37 58
36 44
40 49
34 47
27 48
27 43
29 50
26 35
27 53
35 48
30 52
34 36
40 58
28 49
32 49
40 52
40 54
32 53
26 45
28 44
31 53
25 57
29 47
30 58
34 42
40 40
39 55
25 35
40 50
37 46
37 48
25 39
39 37
31 53
33 45
35 57
42 42
35 41
29 46
31 36
35 47
