3403
36 54
41 46
33 51
39 43
42 55
42 53
32 40
37 44
34 44
26 51
26 35
34 57
35 35
32 38
29 54
36 48
33 40
34 35
41 47
42 37
35 45
34 41
41 51
40 48
42 55
32 55
32 56
32 52
32 54
33 54
25 42
31 38
28 44
41 51
42 40
31 49
29 38
39 47
32 57
42 57
34 51
25 36
36 54
31 44
30 35
35 43
35 35
31 42
26 53
32 38
31 38
42 57
37 49
33 37
33 54
41 48
32 58
31 44
40 57
35 46
34 41
27 43
32 44
34 44
25 57
34 39
26 57
32 53
27 51
29 46
27 57
26 57
25 52
36 55
36 56
31 49
25 41
38 37
29 42
39 56
26 45
40 40
27 53
29 43
41 46
39 38
42 45
31 56
28 56
42 47
31 47
29 41
41 45
39 43
34 45
25 48
31 45
26 53
40 49
35 53
25 36
39 52
34 52
30 37
25 38
31 55
33 46
28 41
25 38
25 49
37 55
36 57
26 56
29 56
40 50
41 46
37 53
36 51
36 50
38 52
26 41
37 43
35 37
42 36
32 55
25 38
27 36
30 57
41 51
39 57
26 41
35 36
37 39
31 45
36 55
37 51
34 52
29 54
41 39
29 56
26 56
35 49
40 48
34 48
32 44
38 48
36 46
30 47
36 45
30 54
33 50
34 55
40 40
41 46
34 39
40 36
39 48
26 48
32 35
34 42
28 35
26 36
31 35
39 55
35 48
25 44
28 57
41 42
35 42
29 45
27 56
35 55
35 42
38 58
32 41
42 37
40 57
41 51
39 57
35 37
31 36
41 37
33 38
29 40
42 40
32 58
30 42
33 39
26 50
37 56
38 45
36 43
41 37
38 47
25 42
40 38
41 52
28 45
32 40
