1510
25 45
28 43
34 43
41 35
37 37
42 37
27 57
25 53
26 47
26 53
33 47
38 58
27 53
36 41
33 35
37 44
31 50
27 37
41 53
27 35
31 56
40 52
30 35
35 40
35 51
42 56
36 40
28 49
31 44
28 42
39 52
31 56
25 51
25 42
25 46
35 47
33 57
36 44
27 58
36 46
34 50
26 35
40 50
27 41
33 50
32 39
32 45
34 47
38 41
42 35
31 42
37 51
34 49
42 38
42 44
35 54
29 55
38 44
36 53
36 46
39 46
40 35
35 35
38 50
33 41
30 38
29 50
42 39
38 55
39 40
37 35
40 55
38 47
38 39
40 49
41 38
31 41
32 47
25 36
31 38
31 39
41 54
26 38
36 48
40 39
41 38
35 41
31 54
36 54
40 53
42 48
27 43
30 36
28 50
31 36
