3229
30 42
27 46
37 46
35 48
37 48
41 58
38 54
27 53
30 53
33 41
27 43
28 36
37 56
38 37
25 56
40 44
42 48
35 45
33 52
42 36
32 41
40 36
33 35
34 39
42 35
40 54
37 36
34 35
28 57
26 45
38 42
34 54
30 50
35 36
34 49
40 35
37 35
33 50
26 40
33 46
26 37
41 44
40 48
29 43
27 43
34 53
34 51
40 56
38 56
32 45
42 50
40 48
37 39
34 47
27 55
40 51
38 39
31 56
36 54
27 40
37 46
27 52
31 57
38 49
35 56
33 42
33 36
38 51
31 58
32 47
27 48
34 49
26 55
39 40
40 41
32 35
39 50
27 48
30 43
40 46
37 52
40 48
31 56
36 39
39 37
33 50
33 54
27 57
29 50
25 41
29 40
34 43
27 42
26 57
40 36
32 43
42 42
38 41
36 49
26 49
26 35
37 58
33 43
36 53
27 45
40 58
27 55
25 56
31 37
26 53
30 41
36 54
27 56
29 55
28 36
41 46
37 49
29 35
26 45
26 37
40 52
37 50
29 51
34 58
36 57
37 38
26 53
32 55
35 44
28 49
40 58
26 52
39 44
36 39
40 45
35 49
37 44
41 35
34 36
32 45
30 58
38 51
35 48
40 57
34 45
41 53
42 39
27 46
35 57
33 58
38 53
37 35
42 51
34 58
31 39
25 57
25 55
31 50
26 51
25 57
33 35
28 48
26 55
33 49
27 37
40 39
27 49
40 41
29 42
31 42
40 54
39 58
25 51
42 38
39 49
33 45
40 48
28 55
30 39
33 51
36 49
31 36
30 39
27 38
27 57
40 36
40 50
28 42
36 58
29 54
38 42
33 45
42 40
31 55
32 42
33 42
