3131
29 57
36 46
27 51
40 35
30 40
40 51
34 36
39 43
41 50
40 36
28 54
34 40
26 48
25 48
41 51
38 53
27 38
36 52
40 40
41 38
38 46
39 57
42 48
27 39
40 46
28 55
26 50
32 49
30 53
35 37
33 46
31 57
41 52
27 56
35 58
36 37
31 47
33 55
36 39
40 38
26 52
37 41
32 35
28 50
29 37
42 57
29 56
25 51
26 41
39 39
40 51
34 41
30 50
35 49
33 56
34 50
26 52
42 53
25 37
33 57
41 45
26 36
37 44
25 56
42 40
42 52
34 39
30 37
36 53
35 37
34 39
34 42
41 48
28 47
28 41
26 44
34 49
37 44
38 36
31 39
25 50
26 42
30 55
32 35
30 58
25 49
32 40
36 42
37 49
31 36
39 37
25 57
41 43
30 58
39 42
29 48
30 42
41 46
39 36
33 36
33 57
39 43
31 40
42 37
31 47
33 57
38 39
26 48
31 48
35 42
32 35
34 55
40 45
29 54
31 47
38 43
29 57
41 49
30 43
27 47
40 38
34 57
38 57
25 43
25 57
26 52
33 44
40 35
26 56
39 55
29 50
34 40
34 48
28 43
41 55
39 51
37 50
33 39
36 50
26 46
39 55
37 56
26 58
40 43
32 47
32 36
31 56
41 40
29 57
28 36
39 35
26 53
26 54
36 36
36 58
30 37
30 38
40 48
26 45
27 36
29 38
29 43
38 38
42 47
29 50
35 57
31 49
25 54
32 56
32 48
32 44
32 42
33 45
