1492
31 36
26 36
38 41
27 49
27 38
39 38
33 39
33 53
32 56
37 54
26 53
35 56
31 39
25 56
41 50
36 52
41 56
41 52
34 55
36 58
35 47
26 40
34 58
26 55
25 56
28 38
40 49
39 52
30 50
27 39
41 57
28 58
36 54
37 49
37 43
37 53
42 46
41 41
37 49
37 51
25 42
30 56
35 38
27 37
40 36
41 56
36 54
30 54
33 35
28 39
41 43
33 41
26 37
38 39
25 36
38 42
26 38
33 57
41 44
30 55
35 51
30 58
38 35
25 54
42 36
32 51
28 58
33 51
28 51
33 36
33 57
29 35
28 43
36 52
42 42
33 52
37 40
25 39
27 37
41 56
36 50
39 36
41 42
31 48
36 40
