2724
35 40
29 57
39 54
33 42
37 41
38 35
35 47
29 46
26 36
29 40
33 49
31 56
42 52
33 37
40 53
26 51
39 54
41 42
37 41
29 49
35 56
42 42
36 45
33 39
26 53
39 36
36 49
29 58
37 55
25 46
34 46
38 42
25 46
28 36
35 42
34 37
32 43
41 40
28 57
32 39
38 39
29 43
35 35
38 53
36 49
38 42
39 46
42 46
35 46
27 48
40 37
40 40
40 50
36 42
27 58
40 44
25 39
25 51
28 36
29 50
40 43
41 56
42 48
25 37
40 40
30 46
29 46
39 39
40 47
39 35
35 58
34 38
39 57
35 44
25 58
31 51
27 41
38 41
33 57
37 56
33 45
38 38
34 37
29 45
34 41
33 49
34 52
41 35
32 58
25 41
34 51
38 36
36 40
35 50
41 36
28 44
32 52
39 56
41 50
29 42
28 49
41 53
26 58
31 43
35 43
35 58
29 44
40 42
39 42
35 48
35 49
34 52
26 39
37 49
38 54
35 36
28 57
31 49
37 47
37 42
41 38
25 39
29 46
35 47
27 55
38 36
32 52
30 50
42 40
38 44
37 47
41 41
41 50
41 51
36 39
34 53
33 41
30 51
42 38
26 37
38 45
37 46
42 43
31 37
41 56
36 49
40 56
34 48
40 44
36 49
32 57
31 51
41 49
29 45
35 38
26 45
42 35
41 45
38 49
42 44
32 51
30 41
36 36
30 52
36 39
38 44
32 47
35 42
34 56
42 48
41 40
