1414
31 39
26 53
39 36
31 57
40 56
42 44
26 48
35 53
40 52
38 49
37 38
39 51
35 52
25 51
25 42
29 51
42 53
40 52
26 39
34 38
33 46
25 42
29 45
27 39
34 58
35 50
30 58
41 56
33 52
38 47
39 50
39 42
39 43
28 36
27 49
27 37
36 50
42 45
37 40
41 50
42 41
28 35
35 42
33 41
34 36
32 53
25 52
25 46
41 45
39 45
37 40
28 56
29 55
36 39
29 36
25 47
37 56
33 43
33 38
29 58
26 56
34 49
28 47
30 36
42 41
25 56
28 47
26 42
35 41
31 55
36 56
27 50
32 49
42 46
35 52
29 44
40 44
29 45
34 37
39 36
38 42
31 47
36 37
39 40
38 40
41 50
39 43
29 38
