3244
38 47
35 46
34 56
30 46
25 54
42 42
33 44
35 46
33 51
40 37
32 38
42 56
29 58
37 42
26 55
35 50
30 53
27 45
31 37
41 57
26 39
42 49
33 41
41 56
25 57
39 54
29 57
30 39
32 41
25 42
37 58
38 38
35 51
31 38
32 55
30 46
31 55
31 39
33 56
26 50
33 56
41 56
34 51
35 56
25 48
33 50
40 42
31 41
38 51
25 57
28 35
40 36
42 46
26 41
25 56
34 37
26 39
36 55
29 51
40 39
26 52
27 45
40 36
38 36
35 37
29 41
34 50
36 56
41 38
25 55
42 45
31 55
36 38
37 41
32 52
30 47
33 40
27 38
25 36
37 40
29 45
29 36
37 46
37 52
40 37
29 39
29 46
40 40
40 46
27 35
31 41
26 36
33 44
36 56
33 37
39 47
31 36
41 47
38 35
33 41
26 40
34 35
36 38
36 35
32 41
34 58
40 55
41 49
28 50
36 51
27 50
41 49
31 35
33 56
26 35
37 36
38 51
31 48
26 48
27 38
32 50
41 58
35 49
37 57
41 58
27 54
29 42
40 55
41 42
41 45
39 50
42 38
29 50
29 56
32 46
25 35
37 52
25 55
30 50
29 35
32 52
33 37
27 42
32 54
39 55
39 55
34 54
36 51
28 43
28 51
26 46
41 43
37 50
41 36
31 57
32 53
34 57
29 49
35 55
40 55
27 35
32 56
40 58
28 51
29 42
33 55
28 39
28 52
36 56
28 52
36 57
41 35
35 39
40 54
38 47
37 47
34 40
37 51
40 38
28 38
30 46
25 37
31 39
35 39
42 42
30 55
31 36
36 36
33 40
37 36
32 46
30 56
28 45
40 35
33 47
39 55
35 41
34 48
39 54
34 44
