1681
26 54
30 56
29 52
36 48
35 41
42 57
40 46
39 48
32 42
26 54
31 41
40 45
32 48
42 43
28 44
30 58
32 49
40 51
38 39
26 50
28 56
26 55
31 48
27 55
28 46
38 50
28 46
29 43
27 42
36 57
42 52
29 37
40 39
33 51
25 44
31 37
26 36
29 48
31 57
33 53
35 49
27 50
39 56
29 52
37 49
42 44
40 39
28 45
39 39
28 42
33 50
28 51
32 45
42 55
27 55
29 42
41 40
42 55
41 39
33 45
35 39
28 38
30 43
38 50
40 51
27 41
39 40
35 42
42 36
25 53
33 39
37 51
30 50
33 40
36 55
34 58
38 48
33 47
25 44
41 36
33 56
37 47
42 40
30 39
40 51
34 45
25 52
42 42
26 52
33 39
39 51
42 37
35 58
32 37
40 41
30 44
35 58
30 45
36 37
39 36
38 50
33 42
28 35
30 41
28 55
41 41
32 48
34 47
37 37
38 42
41 39
39 41
32 47
25 50
42 50
33 48
31 55
39 51
31 44
42 41
