1972
25 51
31 45
38 47
41 43
31 40
38 50
38 40
38 36
42 53
29 37
34 44
37 58
40 46
38 48
25 36
29 39
27 35
25 52
38 36
27 37
39 48
40 42
28 55
37 50
38 42
31 57
34 50
39 54
28 46
30 40
37 45
30 58
25 49
33 45
36 48
28 47
40 49
30 36
30 43
25 58
41 51
32 42
34 56
29 58
34 48
25 43
30 52
38 49
26 45
31 50
28 49
34 56
36 48
38 57
37 38
39 58
42 37
34 58
41 48
31 37
42 37
34 54
34 40
26 41
41 55
33 50
33 36
30 39
39 57
29 55
35 38
33 45
37 46
26 39
27 35
42 37
42 58
36 39
27 41
41 35
39 35
40 42
25 56
36 58
30 45
34 57
33 37
28 54
33 37
25 56
33 38
31 58
41 37
32 36
42 56
40 55
30 36
