2160
40 48
38 43
41 44
31 42
26 51
36 38
34 55
32 35
36 54
29 54
26 50
42 40
41 52
32 39
27 50
42 57
38 39
29 36
25 49
42 56
42 47
38 58
28 42
39 37
33 58
27 36
37 52
29 44
27 38
35 43
26 48
27 51
41 54
40 39
27 38
32 41
42 37
35 48
38 46
36 52
31 37
41 55
25 47
29 56
39 38
31 48
40 48
30 35
38 40
39 53
37 48
26 39
36 52
25 43
40 39
36 56
31 38
40 54
37 53
35 46
40 45
34 42
35 52
33 45
40 49
25 53
28 48
33 43
26 50
30 38
28 44
42 40
32 39
39 56
42 46
27 47
33 49
41 47
33 40
26 35
27 54
35 51
28 51
35 47
33 35
28 47
35 39
37 35
35 38
35 44
28 44
41 43
39 47
28 45
31 48
40 55
26 47
33 41
38 54
40 58
41 41
31 37
36 37
39 44
25 39
31 46
28 37
27 41
31 40
39 39
27 51
36 38
29 47
35 58
33 36
42 35
27 55
39 40
27 46
26 50
31 43
27 56
25 54
41 52
37 39
31 51
41 45
25 36
39 46
41 55
42 55
28 47
