2081
33 56
31 57
38 36
33 49
25 54
33 53
26 43
36 42
29 35
34 52
40 44
27 40
30 55
39 58
25 40
28 56
29 57
37 57
39 49
29 42
32 57
41 58
29 51
41 35
31 46
40 41
34 40
29 44
33 43
39 56
41 47
37 37
36 48
39 42
35 43
35 41
31 58
30 42
35 51
33 35
29 52
27 36
33 41
42 39
35 58
30 48
40 48
26 56
37 45
33 48
35 47
35 50
27 38
38 40
25 52
32 58
30 53
30 48
27 46
41 42
30 42
42 35
26 37
38 48
31 49
40 50
26 42
40 44
29 35
40 42
32 46
34 45
32 44
35 47
30 40
34 54
34 57
28 57
27 47
39 43
25 48
39 53
35 56
37 51
30 47
33 56
42 42
26 57
37 44
41 50
30 45
40 36
32 40
39 42
40 53
35 52
33 36
41 53
37 46
37 56
25 52
25 46
37 50
32 49
41 49
27 42
27 51
28 53
34 43
30 37
28 50
33 37
39 41
41 54
30 48
39 40
26 40
30 50
40 39
41 53
35 50
42 35
41 47
27 53
36 58
27 58
38 36
25 40
27 42
42 37
42 38
33 35
32 36
34 37
28 58
31 51
