1712
28 48
27 55
42 40
35 47
34 51
28 41
27 54
35 57
25 50
31 56
41 41
40 46
38 56
29 36
37 47
32 55
41 40
35 35
40 46
31 44
29 43
40 52
34 58
29 53
30 45
41 50
34 39
25 36
41 52
42 50
38 36
31 48
31 56
31 51
37 49
27 52
35 46
40 38
35 58
35 52
26 56
26 38
34 43
29 43
26 49
34 57
29 42
42 47
31 58
35 36
34 46
32 47
32 56
38 42
25 39
38 41
39 39
38 50
34 57
30 37
32 48
29 47
27 58
35 40
31 52
29 54
33 42
31 46
29 45
33 37
34 47
27 53
33 42
42 42
36 47
25 39
35 47
25 48
36 36
40 39
39 48
32 40
34 56
26 54
41 56
34 43
36 35
38 55
40 54
28 47
33 35
37 53
31 49
34 41
35 40
34 36
33 45
28 47
38 50
34 54
25 36
29 55
30 48
41 39
32 50
30 53
41 37
