1594
42 45
27 38
28 53
29 54
30 39
37 47
39 42
38 48
34 49
35 40
27 56
41 55
26 43
39 53
39 51
35 51
34 43
33 56
32 52
31 37
25 39
40 38
25 42
34 39
32 55
33 35
30 44
26 38
25 37
26 55
29 37
41 36
41 40
29 35
30 49
32 49
25 58
29 54
34 47
41 51
33 42
41 58
38 45
32 56
41 37
26 54
33 41
32 40
29 35
33 48
33 43
38 35
33 52
33 46
31 53
34 53
42 38
40 48
25 56
41 47
25 54
40 50
33 48
29 58
27 39
29 38
33 58
34 52
34 51
26 56
41 55
42 51
25 55
29 46
41 41
39 58
29 37
29 44
36 56
32 47
40 37
34 43
26 37
39 44
30 48
36 38
26 40
29 52
32 37
32 52
41 49
35 39
40 55
39 42
25 55
35 55
36 50
