1479
28 35
36 41
26 51
33 47
25 55
38 53
29 55
30 45
41 52
33 47
31 35
34 49
40 52
30 58
34 38
38 57
41 44
37 56
34 52
32 36
41 55
29 43
30 42
27 51
31 37
39 44
33 52
31 58
40 36
28 41
25 51
34 48
41 40
35 37
36 45
31 39
28 49
37 58
32 37
29 44
34 44
28 54
33 48
37 50
33 44
35 54
26 45
39 47
34 36
36 56
34 46
42 45
28 48
30 40
40 53
30 41
38 48
33 46
38 39
35 58
39 45
35 38
35 43
26 36
27 51
33 48
27 57
36 41
31 47
35 56
34 56
35 42
28 38
35 45
26 38
42 49
33 52
25 56
33 44
34 42
30 47
36 37
28 43
29 39
25 43
27 47
27 58
30 43
33 35
28 49
39 46
40 35
35 51
34 54
34 43
31 57
36 38
31 47
32 50
39 38
29 42
