2417
35 39
30 55
32 38
40 50
37 53
36 42
33 44
34 50
25 46
36 53
32 57
27 35
25 53
38 42
32 57
31 58
29 57
29 55
32 36
36 42
38 48
28 44
35 37
33 58
25 44
25 44
31 54
40 56
26 42
28 43
32 45
30 36
35 55
30 51
28 38
40 57
28 38
26 47
32 37
35 38
42 46
29 41
33 43
39 55
39 46
25 35
32 46
29 54
41 38
38 44
30 47
42 51
26 47
42 42
29 42
26 57
34 37
42 48
33 35
41 40
42 56
30 53
36 40
33 41
33 43
37 43
38 52
40 41
26 54
37 45
41 44
34 49
37 40
31 46
42 45
29 39
26 58
33 47
26 45
28 45
32 41
32 52
33 51
36 54
37 51
33 44
36 35
39 35
30 47
42 38
35 42
42 53
39 43
31 44
34 56
30 47
39 39
42 50
33 39
41 43
30 49
25 38
28 41
38 48
26 57
38 57
26 51
27 36
25 35
28 55
31 56
27 55
29 54
36 56
27 49
42 39
30 50
32 52
31 39
40 37
39 39
29 37
31 47
28 57
37 40
37 49
39 49
30 40
25 48
40 42
41 37
30 46
28 37
42 51
32 38
35 54
34 44
37 50
40 40
41 44
40 36
34 45
31 44
26 56
30 53
40 58
27 40
27 50
30 48
28 53
32 43
36 41
36 48
38 44
26 56
39 37
35 51
35 51
